Matrix size: 600
0.164
0.172
0.16
0.166
0.162
0.161
0.159
0.161
0.164
0.162
0.16
0.159
0.16
0.162
0.159
0.162
0.161
0.168
0.164
0.163
0.16
0.163
0.163
0.165
0.161
0.163
0.161
0.163
0.163
0.161
Matrix size: 1000
0.829
0.748
0.754
0.759
0.759
0.761
0.77
0.76
0.76
0.762
0.758
0.756
0.757
0.764
0.76
0.757
0.749
0.747
0.749
0.76
0.753
0.768
0.756
0.758
0.747
0.752
0.748
0.747
0.761
0.77
Matrix size: 1400
2.881
2.881
2.867
2.876
2.879
2.879
2.863
3.135
2.902
2.874
2.88
2.895
2.879
2.851
2.868
2.894
2.879
2.903
2.878
2.872
2.86
2.855
2.887
2.886
2.893
2.864
2.876
2.855
2.861
2.872
Matrix size: 1800
7.552
7.568
7.499
7.458
7.474
7.443
7.47
7.47
7.431
7.452
7.464
7.599
7.526
7.471
7.448
7.481
7.439
7.48
6.968
6.911
6.834
6.85
6.808
6.834
6.839
6.83
6.799
6.844
6.845
6.842
Matrix size: 2200
19.814
19.798
19.807
20.0
20.521
20.244
20.878
21.465
23.289
21.78
20.731
20.897
20.913
20.922
21.139
20.916
20.903
20.901
20.885
20.878
20.876
20.872
20.898
20.87
20.869
20.912
20.859
20.861
20.885
20.862
Matrix size: 2600
43.957
43.455
43.474
43.49
43.406
43.479
43.518
43.496
43.765
43.761
43.673
43.665
43.695
43.637
43.615
43.711
43.714
41.334
40.85
40.824
40.83
40.806
40.805
40.845
40.828
40.801
40.816
40.822
40.843
40.853
Matrix size: 3000
71.096
71.005
70.955
71.03
70.962
71.051
71.086
70.953
71.02
70.984
71.024
71.049
69.238
66.521
66.479
66.499
66.561
66.543
66.598
66.516
66.45
66.464
66.508
66.454
66.513
66.516
66.646
66.976
66.708
66.662
