Matrix size: 600
0.107
0.158
0.139
0.139
0.139
0.139
0.14
0.139
0.138
0.14
0.138
0.141
0.14
0.14
0.138
0.139
0.138
0.138
0.138
0.139
0.138
0.14
0.139
0.139
0.138
0.138
0.139
0.139
0.139
0.138
Matrix size: 1000
0.672
0.656
0.654
0.653
0.656
0.655
0.659
0.656
0.653
0.654
0.654
0.65
0.65
0.654
0.655
0.653
0.652
0.654
0.653
0.653
0.655
0.653
0.654
0.652
0.649
0.651
0.651
0.651
0.653
0.651
Matrix size: 1400
1.904
1.909
1.911
1.906
1.901
1.897
1.893
1.889
1.888
1.88
1.898
1.901
1.895
1.907
1.904
1.908
1.894
1.896
1.885
1.882
1.877
1.905
1.902
1.913
1.906
1.906
1.896
1.892
1.899
1.895
Matrix size: 1800
4.096
4.154
4.149
4.1
4.142
4.146
4.159
4.14
4.118
4.135
4.134
4.14
4.142
4.138
4.137
4.142
4.147
4.137
4.121
4.13
4.148
4.145
4.136
4.138
4.127
4.143
4.141
4.144
4.139
4.136
Matrix size: 2200
7.661
7.783
7.798
7.797
7.786
7.792
7.791
7.784
7.832
7.618
7.555
7.483
7.495
7.493
7.476
7.496
7.487
7.485
7.495
7.494
7.501
7.491
7.478
7.478
7.491
7.484
7.485
7.49
7.487
7.477
Matrix size: 2600
12.828
12.921
12.857
12.819
12.919
12.85
12.889
12.89
12.846
12.909
12.831
12.919
12.862
12.837
12.856
12.877
12.848
12.925
12.884
12.922
12.894
12.831
12.921
12.884
12.877
12.874
12.83
12.907
12.807
12.43
Matrix size: 3000
19.394
19.426
19.34
19.432
19.446
19.437
19.392
19.41
19.436
19.434
19.429
19.436
19.502
19.42
19.444
19.442
19.461
19.432
19.459
19.413
19.455
19.451
19.454
19.445
19.438
19.489
19.49
19.439
19.466
19.428
